{
 "cells": [
  {
   "cell_type": "code",
   "execution_count": 1,
   "metadata": {},
   "outputs": [
    {
     "name": "stderr",
     "output_type": "stream",
     "text": [
      "/usr/lib/python3/dist-packages/scipy/__init__.py:146: UserWarning: A NumPy version >=1.17.3 and <1.25.0 is required for this version of SciPy (detected version 1.26.2\n",
      "  warnings.warn(f\"A NumPy version >={np_minversion} and <{np_maxversion}\"\n"
     ]
    }
   ],
   "source": [
    "import numpy as np\n",
    "import sys\n",
    "import matplotlib.pyplot as plt\n",
    "import matplotlib.animation\n",
    "import yaml\n",
    "import cv2\n",
    "from scipy.spatial.transform import Rotation\n",
    "from matplotlib.patches import Rectangle\n",
    "from tqdm import tqdm\n",
    "import argparse\n",
    "\n",
    "sys.path.append('/home/schiavazza/code/hpe/hpe-core/datasets/')\n",
    "sys.path.append('/local_code/hpe-core/datasets/')\n",
    "\n",
    "from vicon_processing.src.projection import ProjectionHelper\n",
    "from vicon_processing.src.data_helpers import DvsLabeler, DvsHelper, C3dHelper\n",
    "from vicon_processing.src import vis_utils, utils"
   ]
  },
  {
   "cell_type": "code",
   "execution_count": 11,
   "metadata": {},
   "outputs": [],
   "source": [
    "def obj_delay(delay, label_start):\n",
    "    r = 2\n",
    "    # import the DVS data\n",
    "    dvs_file_path = \"/home/schiavazza/data/hpe/vicon_dataset/processed/simon/drum_s1/atis-d/\"\n",
    "    dvs_helper = DvsHelper(dvs_file_path)\n",
    "    # read the labeled 2d points\n",
    "    dvs_helper.read_points_labels(\"/home/schiavazza/data/hpe/vicon_dataset/processed/simon/drum_s1/atis_d_frames/labeled_points.yml\");\n",
    "    # extract the time of the labeled points\n",
    "    print(len(dvs_helper.labeled_points['points']))\n",
    "    s = max(0, label_start-r)\n",
    "    e = min(len(dvs_helper.labeled_points['points']), label_start+r)\n",
    "\n",
    "    labels_times = np.array(dvs_helper.labeled_points['times'][:])\n",
    "\n",
    "    print(labels_times)\n",
    "    # labels_times = [0.0]\n",
    "    labels = list(dvs_helper.labeled_points['points'][0].keys())\n",
    "    print(labels)\n",
    "\n",
    "\n",
    "    # load c3d vicon data\n",
    "    c3d_file_path = \"/home/schiavazza/data/hpe/vicon_dataset/processed/simon/drum_s1.c3d\"\n",
    "    c3d_helper = C3dHelper(c3d_file_path, delay=delay, camera_markers=True)\n",
    "    print(c3d_helper.reader.point_labels)\n",
    "    c3d_helper.reader.frame_count\n",
    "\n",
    "    vicon_labeled_frames = c3d_helper.get_frame_time(labels_times)\n",
    "    print(c3d_helper.frame_times)\n",
    "    vicon_points = c3d_helper.get_vicon_points_interpolated(vicon_labeled_frames, labels, labels_times)\n",
    "    vicon_points_mark = c3d_helper.transform_points_to_marker_frame(vicon_points)\n",
    "    # vicon_points_mark = vicon_points\n",
    "    c3d_helper.markers_T\n",
    "    print(f\"times from dvs labels: {dvs_helper.labeled_points['times']}\")\n",
    "    print(f\"times from vicon labels: {vicon_points_mark['times']}\")\n",
    "    dvs_helper.labeled_points['times']\n",
    "    vicon_points_mark['times']\n",
    "    proj_helper = ProjectionHelper(vicon_points_mark, dvs_helper.labeled_points)\n",
    "    proj_helper.import_camera_calbration(\"/home/schiavazza/data/hpe/vicon_dataset/processed/simon/calib-d.txt\");\n",
    "    proj_helper.image_points\n",
    "\n",
    "    # find transform\n",
    "    T, result = proj_helper._find_R_t()\n",
    "    print(result)\n",
    "\n",
    "    return result.fun"
   ]
  },
  {
   "cell_type": "code",
   "execution_count": 12,
   "metadata": {},
   "outputs": [],
   "source": [
    "def opt_delay(l_start):\n",
    "    delays = np.linspace(0.21, 0.35, 100)\n",
    "    res = []\n",
    "    for d in delays:\n",
    "        r = obj_delay(d, l_start)\n",
    "        if r > 100: r = 100\n",
    "        res.append(r)\n",
    "    res = np.array(res)\n",
    "\n",
    "    return res, delays"
   ]
  },
  {
   "cell_type": "code",
   "execution_count": 13,
   "metadata": {},
   "outputs": [
    {
     "name": "stdout",
     "output_type": "stream",
     "text": [
      "24\n",
      "[2.27272727 2.55555556 2.83838384 2.97979798]\n",
      "['P11:LFHD', 'P11:LFIN', 'P11:RFHD', 'P11:RFIN']\n",
      "['camera:cam_right              ' 'camera:cam_back               '\n",
      " 'camera:cam_left               ' 'P11:LFHD                      '\n",
      " 'P11:RFHD                      ' 'P11:LBHD                      '\n",
      " 'P11:RBHD                      ' 'P11:C7                        '\n",
      " 'P11:T10                       ' 'P11:CLAV                      '\n",
      " 'P11:STRN                      ' 'P11:RBAK                      '\n",
      " 'P11:LSHO                      ' 'P11:LUPA                      '\n",
      " 'P11:LELB                      ' 'P11:LFRM                      '\n",
      " 'P11:LWRA                      ' 'P11:LWRB                      '\n",
      " 'P11:LFIN                      ' 'P11:RSHO                      '\n",
      " 'P11:RUPA                      ' 'P11:RELB                      '\n",
      " 'P11:RFRM                      ' 'P11:RWRA                      '\n",
      " 'P11:RWRB                      ' 'P11:RFIN                      '\n",
      " 'P11:LASI                      ' 'P11:RASI                      '\n",
      " 'P11:LPSI                      ' 'P11:RPSI                      '\n",
      " 'P11:LTHI                      ' 'P11:LKNE                      '\n",
      " 'P11:LTIB                      ' 'P11:LANK                      '\n",
      " 'P11:LHEE                      ' 'P11:LTOE                      '\n",
      " 'P11:RTHI                      ' 'P11:RKNE                      '\n",
      " 'P11:RTIB                      ' 'P11:RANK                      '\n",
      " 'P11:RHEE                      ' 'P11:RTOE                      '\n",
      " '*42                           ' '*43                           ']\n",
      "[-0.21       -0.1999938  -0.18998761 ... 15.91998761 15.9299938\n",
      " 15.94      ]\n",
      "times from dvs labels: [1.2828282828282829, 1.5656565656565657, 1.7070707070707072, 2.2727272727272725, 2.5555555555555554, 2.8383838383838382, 2.9797979797979797, 3.121212121212121, 3.404040404040404, 4.111111111111111, 4.535353535353535, 5.383838383838384, 6.9393939393939394, 8.07070707070707, 8.212121212121211, 8.636363636363637, 9.767676767676768, 9.909090909090908, 10.333333333333332, 11.88888888888889, 12.595959595959595, 13.020202020202019, 13.16161616161616, 14.717171717171716]\n",
      "times from vicon labels: [2.27272727 2.55555556 2.83838384 2.97979798]\n",
      "Number of 3d points: 16\n",
      "Number of image points: 16\n"
     ]
    },
    {
     "name": "stderr",
     "output_type": "stream",
     "text": [
      "/home/schiavazza/.local/lib/python3.10/site-packages/c3d/c3d.py:1219: UserWarning: No analog data found in file.\n",
      "  warnings.warn('No analog data found in file.')\n",
      "/home/schiavazza/code/hpe/hpe-core/datasets/vicon_processing/src/projection.py:319: UserWarning: Desired error not necessarily achieved due to precision loss.\n",
      "  warnings.warn(result.message)\n",
      "/home/schiavazza/.local/lib/python3.10/site-packages/c3d/c3d.py:1219: UserWarning: No analog data found in file.\n",
      "  warnings.warn('No analog data found in file.')\n"
     ]
    },
    {
     "name": "stdout",
     "output_type": "stream",
     "text": [
      "      fun: 16.505776139700025\n",
      " hess_inv: array([[ 5.86687229e-03,  5.44395141e-03, -3.47964131e-05,\n",
      "        -1.69710043e+01,  1.70508286e+01, -1.15298310e+01],\n",
      "       [ 5.44395141e-03,  5.37106165e-03, -3.30535426e-04,\n",
      "        -1.62329685e+01,  1.45653298e+01, -7.89996483e+00],\n",
      "       [-3.47964132e-05, -3.30535426e-04,  1.09730588e-03,\n",
      "        -1.06448939e+00,  2.32406147e+00, -2.99226942e+00],\n",
      "       [-1.69710043e+01, -1.62329685e+01, -1.06448939e+00,\n",
      "         5.30272534e+04, -4.98897315e+04,  2.99867143e+04],\n",
      "       [ 1.70508286e+01,  1.45653298e+01,  2.32406147e+00,\n",
      "        -4.98897315e+04,  5.64115425e+04, -4.52023538e+04],\n",
      "       [-1.15298310e+01, -7.89996483e+00, -2.99226942e+00,\n",
      "         2.99867143e+04, -4.52023538e+04,  4.74325462e+04]])\n",
      "      jac: array([-2.94848170e+01, -2.54626904e+01, -3.32720542e+01, -1.08613968e-02,\n",
      "        8.32509995e-03,  1.23405457e-03])\n",
      "  message: 'Desired error not necessarily achieved due to precision loss.'\n",
      "     nfev: 1687\n",
      "      nit: 168\n",
      "     njev: 240\n",
      "   status: 2\n",
      "  success: False\n",
      "        x: array([-6.17977000e-01,  7.29871990e-02, -1.78742978e+00,  1.55395972e+03,\n",
      "       -7.42966287e+02, -3.75448015e+02])\n",
      "      fun: 16.505776139700025\n",
      " hess_inv: array([[ 5.86687229e-03,  5.44395141e-03, -3.47964131e-05,\n",
      "        -1.69710043e+01,  1.70508286e+01, -1.15298310e+01],\n",
      "       [ 5.44395141e-03,  5.37106165e-03, -3.30535426e-04,\n",
      "        -1.62329685e+01,  1.45653298e+01, -7.89996483e+00],\n",
      "       [-3.47964132e-05, -3.30535426e-04,  1.09730588e-03,\n",
      "        -1.06448939e+00,  2.32406147e+00, -2.99226942e+00],\n",
      "       [-1.69710043e+01, -1.62329685e+01, -1.06448939e+00,\n",
      "         5.30272534e+04, -4.98897315e+04,  2.99867143e+04],\n",
      "       [ 1.70508286e+01,  1.45653298e+01,  2.32406147e+00,\n",
      "        -4.98897315e+04,  5.64115425e+04, -4.52023538e+04],\n",
      "       [-1.15298310e+01, -7.89996483e+00, -2.99226942e+00,\n",
      "         2.99867143e+04, -4.52023538e+04,  4.74325462e+04]])\n",
      "      jac: array([-2.94848170e+01, -2.54626904e+01, -3.32720542e+01, -1.08613968e-02,\n",
      "        8.32509995e-03,  1.23405457e-03])\n",
      "  message: 'Desired error not necessarily achieved due to precision loss.'\n",
      "     nfev: 1687\n",
      "      nit: 168\n",
      "     njev: 240\n",
      "   status: 2\n",
      "  success: False\n",
      "        x: array([-6.17977000e-01,  7.29871990e-02, -1.78742978e+00,  1.55395972e+03,\n",
      "       -7.42966287e+02, -3.75448015e+02])\n",
      "24\n",
      "[2.27272727 2.55555556 2.83838384 2.97979798]\n",
      "['P11:LFHD', 'P11:LFIN', 'P11:RFHD', 'P11:RFIN']\n",
      "['camera:cam_right              ' 'camera:cam_back               '\n",
      " 'camera:cam_left               ' 'P11:LFHD                      '\n",
      " 'P11:RFHD                      ' 'P11:LBHD                      '\n",
      " 'P11:RBHD                      ' 'P11:C7                        '\n",
      " 'P11:T10                       ' 'P11:CLAV                      '\n",
      " 'P11:STRN                      ' 'P11:RBAK                      '\n",
      " 'P11:LSHO                      ' 'P11:LUPA                      '\n",
      " 'P11:LELB                      ' 'P11:LFRM                      '\n",
      " 'P11:LWRA                      ' 'P11:LWRB                      '\n",
      " 'P11:LFIN                      ' 'P11:RSHO                      '\n",
      " 'P11:RUPA                      ' 'P11:RELB                      '\n",
      " 'P11:RFRM                      ' 'P11:RWRA                      '\n",
      " 'P11:RWRB                      ' 'P11:RFIN                      '\n",
      " 'P11:LASI                      ' 'P11:RASI                      '\n",
      " 'P11:LPSI                      ' 'P11:RPSI                      '\n",
      " 'P11:LTHI                      ' 'P11:LKNE                      '\n",
      " 'P11:LTIB                      ' 'P11:LANK                      '\n",
      " 'P11:LHEE                      ' 'P11:LTOE                      '\n",
      " 'P11:RTHI                      ' 'P11:RKNE                      '\n",
      " 'P11:RTIB                      ' 'P11:RANK                      '\n",
      " 'P11:RHEE                      ' 'P11:RTOE                      '\n",
      " '*42                           ' '*43                           ']\n",
      "[-0.21141414 -0.20140795 -0.19140175 ... 15.91857347 15.92857966\n",
      " 15.93858586]\n",
      "times from dvs labels: [1.2828282828282829, 1.5656565656565657, 1.7070707070707072, 2.2727272727272725, 2.5555555555555554, 2.8383838383838382, 2.9797979797979797, 3.121212121212121, 3.404040404040404, 4.111111111111111, 4.535353535353535, 5.383838383838384, 6.9393939393939394, 8.07070707070707, 8.212121212121211, 8.636363636363637, 9.767676767676768, 9.909090909090908, 10.333333333333332, 11.88888888888889, 12.595959595959595, 13.020202020202019, 13.16161616161616, 14.717171717171716]\n",
      "times from vicon labels: [2.27272727 2.55555556 2.83838384 2.97979798]\n",
      "Number of 3d points: 16\n",
      "Number of image points: 16\n"
     ]
    },
    {
     "name": "stderr",
     "output_type": "stream",
     "text": [
      "/home/schiavazza/code/hpe/hpe-core/datasets/vicon_processing/src/projection.py:319: UserWarning: Desired error not necessarily achieved due to precision loss.\n",
      "  warnings.warn(result.message)\n",
      "/home/schiavazza/.local/lib/python3.10/site-packages/c3d/c3d.py:1219: UserWarning: No analog data found in file.\n",
      "  warnings.warn('No analog data found in file.')\n"
     ]
    },
    {
     "name": "stdout",
     "output_type": "stream",
     "text": [
      "      fun: 16.211102260428895\n",
      " hess_inv: array([[ 4.84209673e-02,  6.64504628e-02, -1.29305212e-02,\n",
      "        -1.88065111e+02,  7.66941315e+01,  6.44282016e+01],\n",
      "       [ 6.64504628e-02,  9.15427730e-02, -1.77740063e-02,\n",
      "        -2.59210981e+02,  1.04360767e+02,  9.12547367e+01],\n",
      "       [-1.29305212e-02, -1.77740063e-02,  4.01937874e-03,\n",
      "         4.92008493e+01, -1.94915133e+01, -1.79058821e+01],\n",
      "       [-1.88065111e+02, -2.59210981e+02,  4.92008493e+01,\n",
      "         7.36223391e+05, -2.96831242e+05, -2.58405778e+05],\n",
      "       [ 7.66941315e+01,  1.04360767e+02, -1.94915133e+01,\n",
      "        -2.96831242e+05,  1.25232055e+05,  9.40605777e+04],\n",
      "       [ 6.44282016e+01,  9.12547367e+01, -1.79058821e+01,\n",
      "        -2.58405778e+05,  9.40605778e+04,  1.09151763e+05]])\n",
      "      jac: array([ 5.17361264e+01,  5.54238048e+01,  6.49086061e+01,  2.22840309e-02,\n",
      "       -1.34325027e-02, -1.63483620e-03])\n",
      "  message: 'Desired error not necessarily achieved due to precision loss.'\n",
      "     nfev: 1370\n",
      "      nit: 124\n",
      "     njev: 194\n",
      "   status: 2\n",
      "  success: False\n",
      "        x: array([-6.00050773e-01,  8.49102836e-02, -1.78606280e+00,  1.51310001e+03,\n",
      "       -6.88075104e+02, -3.74120045e+02])\n",
      "      fun: 16.211102260428895\n",
      " hess_inv: array([[ 4.84209673e-02,  6.64504628e-02, -1.29305212e-02,\n",
      "        -1.88065111e+02,  7.66941315e+01,  6.44282016e+01],\n",
      "       [ 6.64504628e-02,  9.15427730e-02, -1.77740063e-02,\n",
      "        -2.59210981e+02,  1.04360767e+02,  9.12547367e+01],\n",
      "       [-1.29305212e-02, -1.77740063e-02,  4.01937874e-03,\n",
      "         4.92008493e+01, -1.94915133e+01, -1.79058821e+01],\n",
      "       [-1.88065111e+02, -2.59210981e+02,  4.92008493e+01,\n",
      "         7.36223391e+05, -2.96831242e+05, -2.58405778e+05],\n",
      "       [ 7.66941315e+01,  1.04360767e+02, -1.94915133e+01,\n",
      "        -2.96831242e+05,  1.25232055e+05,  9.40605777e+04],\n",
      "       [ 6.44282016e+01,  9.12547367e+01, -1.79058821e+01,\n",
      "        -2.58405778e+05,  9.40605778e+04,  1.09151763e+05]])\n",
      "      jac: array([ 5.17361264e+01,  5.54238048e+01,  6.49086061e+01,  2.22840309e-02,\n",
      "       -1.34325027e-02, -1.63483620e-03])\n",
      "  message: 'Desired error not necessarily achieved due to precision loss.'\n",
      "     nfev: 1370\n",
      "      nit: 124\n",
      "     njev: 194\n",
      "   status: 2\n",
      "  success: False\n",
      "        x: array([-6.00050773e-01,  8.49102836e-02, -1.78606280e+00,  1.51310001e+03,\n",
      "       -6.88075104e+02, -3.74120045e+02])\n",
      "24\n",
      "[2.27272727 2.55555556 2.83838384 2.97979798]\n",
      "['P11:LFHD', 'P11:LFIN', 'P11:RFHD', 'P11:RFIN']\n",
      "['camera:cam_right              ' 'camera:cam_back               '\n",
      " 'camera:cam_left               ' 'P11:LFHD                      '\n",
      " 'P11:RFHD                      ' 'P11:LBHD                      '\n",
      " 'P11:RBHD                      ' 'P11:C7                        '\n",
      " 'P11:T10                       ' 'P11:CLAV                      '\n",
      " 'P11:STRN                      ' 'P11:RBAK                      '\n",
      " 'P11:LSHO                      ' 'P11:LUPA                      '\n",
      " 'P11:LELB                      ' 'P11:LFRM                      '\n",
      " 'P11:LWRA                      ' 'P11:LWRB                      '\n",
      " 'P11:LFIN                      ' 'P11:RSHO                      '\n",
      " 'P11:RUPA                      ' 'P11:RELB                      '\n",
      " 'P11:RFRM                      ' 'P11:RWRA                      '\n",
      " 'P11:RWRB                      ' 'P11:RFIN                      '\n",
      " 'P11:LASI                      ' 'P11:RASI                      '\n",
      " 'P11:LPSI                      ' 'P11:RPSI                      '\n",
      " 'P11:LTHI                      ' 'P11:LKNE                      '\n",
      " 'P11:LTIB                      ' 'P11:LANK                      '\n",
      " 'P11:LHEE                      ' 'P11:LTOE                      '\n",
      " 'P11:RTHI                      ' 'P11:RKNE                      '\n",
      " 'P11:RTIB                      ' 'P11:RANK                      '\n",
      " 'P11:RHEE                      ' 'P11:RTOE                      '\n",
      " '*42                           ' '*43                           ']\n",
      "[-0.21282828 -0.20282209 -0.19281589 ... 15.91715933 15.92716552\n",
      " 15.93717172]\n",
      "times from dvs labels: [1.2828282828282829, 1.5656565656565657, 1.7070707070707072, 2.2727272727272725, 2.5555555555555554, 2.8383838383838382, 2.9797979797979797, 3.121212121212121, 3.404040404040404, 4.111111111111111, 4.535353535353535, 5.383838383838384, 6.9393939393939394, 8.07070707070707, 8.212121212121211, 8.636363636363637, 9.767676767676768, 9.909090909090908, 10.333333333333332, 11.88888888888889, 12.595959595959595, 13.020202020202019, 13.16161616161616, 14.717171717171716]\n",
      "times from vicon labels: [2.27272727 2.55555556 2.83838384 2.97979798]\n",
      "Number of 3d points: 16\n",
      "Number of image points: 16\n"
     ]
    },
    {
     "name": "stderr",
     "output_type": "stream",
     "text": [
      "/home/schiavazza/code/hpe/hpe-core/datasets/vicon_processing/src/projection.py:319: UserWarning: Desired error not necessarily achieved due to precision loss.\n",
      "  warnings.warn(result.message)\n",
      "/home/schiavazza/.local/lib/python3.10/site-packages/c3d/c3d.py:1219: UserWarning: No analog data found in file.\n",
      "  warnings.warn('No analog data found in file.')\n"
     ]
    },
    {
     "name": "stdout",
     "output_type": "stream",
     "text": [
      "      fun: 17.938752695465016\n",
      " hess_inv: array([[ 2.93608933e-04, -1.26653493e-04, -4.22275751e-04,\n",
      "         9.03480483e-01,  4.59936138e-01, -1.80634666e+00],\n",
      "       [-1.26653493e-04,  2.79550439e-04,  1.12461019e-04,\n",
      "        -8.19539686e-01, -4.17286776e-01,  1.64069353e+00],\n",
      "       [-4.22275751e-04,  1.12461019e-04,  6.30422917e-04,\n",
      "        -1.17068958e+00, -5.95495346e-01,  2.33973102e+00],\n",
      "       [ 9.03480483e-01, -8.19539686e-01, -1.17068958e+00,\n",
      "         3.61584908e+03,  1.84023539e+03, -7.23304838e+03],\n",
      "       [ 4.59936138e-01, -4.17286776e-01, -5.95495346e-01,\n",
      "         1.84023539e+03,  9.37819643e+02, -3.68217329e+03],\n",
      "       [-1.80634666e+00,  1.64069353e+00,  2.33973102e+00,\n",
      "        -7.23304838e+03, -3.68217329e+03,  1.44738002e+04]])\n",
      "      jac: array([-3.57907441e+01, -7.14547055e+01, -6.02688494e+01, -2.75578499e-02,\n",
      "        8.24427605e-03,  4.04167175e-03])\n",
      "  message: 'Desired error not necessarily achieved due to precision loss.'\n",
      "     nfev: 929\n",
      "      nit: 43\n",
      "     njev: 131\n",
      "   status: 2\n",
      "  success: False\n",
      "        x: array([-0.35928294,  0.5199906 , -1.77326598,  2.07464121,  1.59749887,\n",
      "       -1.62059672])\n",
      "      fun: 17.938752695465016\n",
      " hess_inv: array([[ 2.93608933e-04, -1.26653493e-04, -4.22275751e-04,\n",
      "         9.03480483e-01,  4.59936138e-01, -1.80634666e+00],\n",
      "       [-1.26653493e-04,  2.79550439e-04,  1.12461019e-04,\n",
      "        -8.19539686e-01, -4.17286776e-01,  1.64069353e+00],\n",
      "       [-4.22275751e-04,  1.12461019e-04,  6.30422917e-04,\n",
      "        -1.17068958e+00, -5.95495346e-01,  2.33973102e+00],\n",
      "       [ 9.03480483e-01, -8.19539686e-01, -1.17068958e+00,\n",
      "         3.61584908e+03,  1.84023539e+03, -7.23304838e+03],\n",
      "       [ 4.59936138e-01, -4.17286776e-01, -5.95495346e-01,\n",
      "         1.84023539e+03,  9.37819643e+02, -3.68217329e+03],\n",
      "       [-1.80634666e+00,  1.64069353e+00,  2.33973102e+00,\n",
      "        -7.23304838e+03, -3.68217329e+03,  1.44738002e+04]])\n",
      "      jac: array([-3.57907441e+01, -7.14547055e+01, -6.02688494e+01, -2.75578499e-02,\n",
      "        8.24427605e-03,  4.04167175e-03])\n",
      "  message: 'Desired error not necessarily achieved due to precision loss.'\n",
      "     nfev: 929\n",
      "      nit: 43\n",
      "     njev: 131\n",
      "   status: 2\n",
      "  success: False\n",
      "        x: array([-0.35928294,  0.5199906 , -1.77326598,  2.07464121,  1.59749887,\n",
      "       -1.62059672])\n",
      "24\n",
      "[2.27272727 2.55555556 2.83838384 2.97979798]\n",
      "['P11:LFHD', 'P11:LFIN', 'P11:RFHD', 'P11:RFIN']\n",
      "['camera:cam_right              ' 'camera:cam_back               '\n",
      " 'camera:cam_left               ' 'P11:LFHD                      '\n",
      " 'P11:RFHD                      ' 'P11:LBHD                      '\n",
      " 'P11:RBHD                      ' 'P11:C7                        '\n",
      " 'P11:T10                       ' 'P11:CLAV                      '\n",
      " 'P11:STRN                      ' 'P11:RBAK                      '\n",
      " 'P11:LSHO                      ' 'P11:LUPA                      '\n",
      " 'P11:LELB                      ' 'P11:LFRM                      '\n",
      " 'P11:LWRA                      ' 'P11:LWRB                      '\n",
      " 'P11:LFIN                      ' 'P11:RSHO                      '\n",
      " 'P11:RUPA                      ' 'P11:RELB                      '\n",
      " 'P11:RFRM                      ' 'P11:RWRA                      '\n",
      " 'P11:RWRB                      ' 'P11:RFIN                      '\n",
      " 'P11:LASI                      ' 'P11:RASI                      '\n",
      " 'P11:LPSI                      ' 'P11:RPSI                      '\n",
      " 'P11:LTHI                      ' 'P11:LKNE                      '\n",
      " 'P11:LTIB                      ' 'P11:LANK                      '\n",
      " 'P11:LHEE                      ' 'P11:LTOE                      '\n",
      " 'P11:RTHI                      ' 'P11:RKNE                      '\n",
      " 'P11:RTIB                      ' 'P11:RANK                      '\n",
      " 'P11:RHEE                      ' 'P11:RTOE                      '\n",
      " '*42                           ' '*43                           ']\n",
      "[-0.21424242 -0.20423623 -0.19423003 ... 15.91574518 15.92575138\n",
      " 15.93575758]\n",
      "times from dvs labels: [1.2828282828282829, 1.5656565656565657, 1.7070707070707072, 2.2727272727272725, 2.5555555555555554, 2.8383838383838382, 2.9797979797979797, 3.121212121212121, 3.404040404040404, 4.111111111111111, 4.535353535353535, 5.383838383838384, 6.9393939393939394, 8.07070707070707, 8.212121212121211, 8.636363636363637, 9.767676767676768, 9.909090909090908, 10.333333333333332, 11.88888888888889, 12.595959595959595, 13.020202020202019, 13.16161616161616, 14.717171717171716]\n",
      "times from vicon labels: [2.27272727 2.55555556 2.83838384 2.97979798]\n",
      "Number of 3d points: 16\n",
      "Number of image points: 16\n"
     ]
    },
    {
     "name": "stderr",
     "output_type": "stream",
     "text": [
      "/home/schiavazza/code/hpe/hpe-core/datasets/vicon_processing/src/projection.py:319: UserWarning: Desired error not necessarily achieved due to precision loss.\n",
      "  warnings.warn(result.message)\n",
      "/home/schiavazza/.local/lib/python3.10/site-packages/c3d/c3d.py:1219: UserWarning: No analog data found in file.\n",
      "  warnings.warn('No analog data found in file.')\n"
     ]
    },
    {
     "name": "stdout",
     "output_type": "stream",
     "text": [
      "      fun: 15.6481390607063\n",
      " hess_inv: array([[ 5.46799680e-03,  6.27950918e-03,  1.85721144e-03,\n",
      "        -2.37275432e+01,  1.80620524e+01, -8.36609680e+00],\n",
      "       [ 6.27950918e-03,  7.48518281e-03,  2.16702825e-03,\n",
      "        -2.82475889e+01,  2.01670720e+01, -7.48636829e+00],\n",
      "       [ 1.85721144e-03,  2.16702825e-03,  1.78851243e-03,\n",
      "        -1.04501945e+01,  8.01750815e+00, -3.81027310e+00],\n",
      "       [-2.37275432e+01, -2.82475888e+01, -1.04501945e+01,\n",
      "         1.11058773e+05, -8.01179691e+04,  3.09872279e+04],\n",
      "       [ 1.80620524e+01,  2.01670720e+01,  8.01750816e+00,\n",
      "        -8.01179691e+04,  6.41872047e+04, -3.41910667e+04],\n",
      "       [-8.36609679e+00, -7.48636827e+00, -3.81027310e+00,\n",
      "         3.09872279e+04, -3.41910667e+04,  3.05782404e+04]])\n",
      "      jac: array([-3.81373777e+01, -3.03462670e+01, -4.09592738e+01, -1.26504898e-02,\n",
      "        1.05316639e-02,  1.55425072e-03])\n",
      "  message: 'Desired error not necessarily achieved due to precision loss.'\n",
      "     nfev: 1346\n",
      "      nit: 133\n",
      "     njev: 191\n",
      "   status: 2\n",
      "  success: False\n",
      "        x: array([-5.79418211e-01,  1.01966946e-01, -1.78594048e+00,  1.45752599e+03,\n",
      "       -6.31717144e+02, -3.54290645e+02])\n",
      "      fun: 15.6481390607063\n",
      " hess_inv: array([[ 5.46799680e-03,  6.27950918e-03,  1.85721144e-03,\n",
      "        -2.37275432e+01,  1.80620524e+01, -8.36609680e+00],\n",
      "       [ 6.27950918e-03,  7.48518281e-03,  2.16702825e-03,\n",
      "        -2.82475889e+01,  2.01670720e+01, -7.48636829e+00],\n",
      "       [ 1.85721144e-03,  2.16702825e-03,  1.78851243e-03,\n",
      "        -1.04501945e+01,  8.01750815e+00, -3.81027310e+00],\n",
      "       [-2.37275432e+01, -2.82475888e+01, -1.04501945e+01,\n",
      "         1.11058773e+05, -8.01179691e+04,  3.09872279e+04],\n",
      "       [ 1.80620524e+01,  2.01670720e+01,  8.01750816e+00,\n",
      "        -8.01179691e+04,  6.41872047e+04, -3.41910667e+04],\n",
      "       [-8.36609679e+00, -7.48636827e+00, -3.81027310e+00,\n",
      "         3.09872279e+04, -3.41910667e+04,  3.05782404e+04]])\n",
      "      jac: array([-3.81373777e+01, -3.03462670e+01, -4.09592738e+01, -1.26504898e-02,\n",
      "        1.05316639e-02,  1.55425072e-03])\n",
      "  message: 'Desired error not necessarily achieved due to precision loss.'\n",
      "     nfev: 1346\n",
      "      nit: 133\n",
      "     njev: 191\n",
      "   status: 2\n",
      "  success: False\n",
      "        x: array([-5.79418211e-01,  1.01966946e-01, -1.78594048e+00,  1.45752599e+03,\n",
      "       -6.31717144e+02, -3.54290645e+02])\n",
      "24\n",
      "[2.27272727 2.55555556 2.83838384 2.97979798]\n",
      "['P11:LFHD', 'P11:LFIN', 'P11:RFHD', 'P11:RFIN']\n",
      "['camera:cam_right              ' 'camera:cam_back               '\n",
      " 'camera:cam_left               ' 'P11:LFHD                      '\n",
      " 'P11:RFHD                      ' 'P11:LBHD                      '\n",
      " 'P11:RBHD                      ' 'P11:C7                        '\n",
      " 'P11:T10                       ' 'P11:CLAV                      '\n",
      " 'P11:STRN                      ' 'P11:RBAK                      '\n",
      " 'P11:LSHO                      ' 'P11:LUPA                      '\n",
      " 'P11:LELB                      ' 'P11:LFRM                      '\n",
      " 'P11:LWRA                      ' 'P11:LWRB                      '\n",
      " 'P11:LFIN                      ' 'P11:RSHO                      '\n",
      " 'P11:RUPA                      ' 'P11:RELB                      '\n",
      " 'P11:RFRM                      ' 'P11:RWRA                      '\n",
      " 'P11:RWRB                      ' 'P11:RFIN                      '\n",
      " 'P11:LASI                      ' 'P11:RASI                      '\n",
      " 'P11:LPSI                      ' 'P11:RPSI                      '\n",
      " 'P11:LTHI                      ' 'P11:LKNE                      '\n",
      " 'P11:LTIB                      ' 'P11:LANK                      '\n",
      " 'P11:LHEE                      ' 'P11:LTOE                      '\n",
      " 'P11:RTHI                      ' 'P11:RKNE                      '\n",
      " 'P11:RTIB                      ' 'P11:RANK                      '\n",
      " 'P11:RHEE                      ' 'P11:RTOE                      '\n",
      " '*42                           ' '*43                           ']\n",
      "[-0.21565657 -0.20565037 -0.19564417 ... 15.91433104 15.92433724\n",
      " 15.93434343]\n",
      "times from dvs labels: [1.2828282828282829, 1.5656565656565657, 1.7070707070707072, 2.2727272727272725, 2.5555555555555554, 2.8383838383838382, 2.9797979797979797, 3.121212121212121, 3.404040404040404, 4.111111111111111, 4.535353535353535, 5.383838383838384, 6.9393939393939394, 8.07070707070707, 8.212121212121211, 8.636363636363637, 9.767676767676768, 9.909090909090908, 10.333333333333332, 11.88888888888889, 12.595959595959595, 13.020202020202019, 13.16161616161616, 14.717171717171716]\n",
      "times from vicon labels: [2.27272727 2.55555556 2.83838384 2.97979798]\n",
      "Number of 3d points: 16\n",
      "Number of image points: 16\n"
     ]
    },
    {
     "name": "stderr",
     "output_type": "stream",
     "text": [
      "/home/schiavazza/code/hpe/hpe-core/datasets/vicon_processing/src/projection.py:319: UserWarning: Desired error not necessarily achieved due to precision loss.\n",
      "  warnings.warn(result.message)\n",
      "/home/schiavazza/.local/lib/python3.10/site-packages/c3d/c3d.py:1219: UserWarning: No analog data found in file.\n",
      "  warnings.warn('No analog data found in file.')\n"
     ]
    },
    {
     "name": "stdout",
     "output_type": "stream",
     "text": [
      "      fun: 15.36446237684914\n",
      " hess_inv: array([[ 9.24649656e-03,  1.21540035e-02, -5.06540688e-03,\n",
      "        -2.92578015e+01,  1.37443667e+01,  5.36322285e+00],\n",
      "       [ 1.21540035e-02,  1.62936501e-02, -6.82010209e-03,\n",
      "        -3.92228867e+01,  1.70693529e+01,  9.69441537e+00],\n",
      "       [-5.06540689e-03, -6.82010210e-03,  3.94554700e-03,\n",
      "         1.42861928e+01, -5.11569607e+00, -5.58807160e+00],\n",
      "       [-2.92578015e+01, -3.92228867e+01,  1.42861927e+01,\n",
      "         9.85947482e+04, -4.48238958e+04, -2.07847480e+04],\n",
      "       [ 1.37443667e+01,  1.70693529e+01, -5.11569606e+00,\n",
      "        -4.48238959e+04,  2.68958806e+04, -2.60757875e+03],\n",
      "       [ 5.36322283e+00,  9.69441535e+00, -5.58807160e+00,\n",
      "        -2.07847480e+04, -2.60757877e+03,  2.66912996e+04]])\n",
      "      jac: array([ 2.71417230e+01, -1.03244199e+02, -4.80908716e+01, -2.96044350e-02,\n",
      "       -6.71815872e-03, -1.60455704e-03])\n",
      "  message: 'Desired error not necessarily achieved due to precision loss.'\n",
      "     nfev: 1230\n",
      "      nit: 111\n",
      "     njev: 174\n",
      "   status: 2\n",
      "  success: False\n",
      "        x: array([-5.69272668e-01,  1.14120563e-01, -1.78447356e+00,  1.41528711e+03,\n",
      "       -6.03604267e+02, -3.53179656e+02])\n",
      "      fun: 15.36446237684914\n",
      " hess_inv: array([[ 9.24649656e-03,  1.21540035e-02, -5.06540688e-03,\n",
      "        -2.92578015e+01,  1.37443667e+01,  5.36322285e+00],\n",
      "       [ 1.21540035e-02,  1.62936501e-02, -6.82010209e-03,\n",
      "        -3.92228867e+01,  1.70693529e+01,  9.69441537e+00],\n",
      "       [-5.06540689e-03, -6.82010210e-03,  3.94554700e-03,\n",
      "         1.42861928e+01, -5.11569607e+00, -5.58807160e+00],\n",
      "       [-2.92578015e+01, -3.92228867e+01,  1.42861927e+01,\n",
      "         9.85947482e+04, -4.48238958e+04, -2.07847480e+04],\n",
      "       [ 1.37443667e+01,  1.70693529e+01, -5.11569606e+00,\n",
      "        -4.48238959e+04,  2.68958806e+04, -2.60757875e+03],\n",
      "       [ 5.36322283e+00,  9.69441535e+00, -5.58807160e+00,\n",
      "        -2.07847480e+04, -2.60757877e+03,  2.66912996e+04]])\n",
      "      jac: array([ 2.71417230e+01, -1.03244199e+02, -4.80908716e+01, -2.96044350e-02,\n",
      "       -6.71815872e-03, -1.60455704e-03])\n",
      "  message: 'Desired error not necessarily achieved due to precision loss.'\n",
      "     nfev: 1230\n",
      "      nit: 111\n",
      "     njev: 174\n",
      "   status: 2\n",
      "  success: False\n",
      "        x: array([-5.69272668e-01,  1.14120563e-01, -1.78447356e+00,  1.41528711e+03,\n",
      "       -6.03604267e+02, -3.53179656e+02])\n",
      "24\n",
      "[2.27272727 2.55555556 2.83838384 2.97979798]\n",
      "['P11:LFHD', 'P11:LFIN', 'P11:RFHD', 'P11:RFIN']\n",
      "['camera:cam_right              ' 'camera:cam_back               '\n",
      " 'camera:cam_left               ' 'P11:LFHD                      '\n",
      " 'P11:RFHD                      ' 'P11:LBHD                      '\n",
      " 'P11:RBHD                      ' 'P11:C7                        '\n",
      " 'P11:T10                       ' 'P11:CLAV                      '\n",
      " 'P11:STRN                      ' 'P11:RBAK                      '\n",
      " 'P11:LSHO                      ' 'P11:LUPA                      '\n",
      " 'P11:LELB                      ' 'P11:LFRM                      '\n",
      " 'P11:LWRA                      ' 'P11:LWRB                      '\n",
      " 'P11:LFIN                      ' 'P11:RSHO                      '\n",
      " 'P11:RUPA                      ' 'P11:RELB                      '\n",
      " 'P11:RFRM                      ' 'P11:RWRA                      '\n",
      " 'P11:RWRB                      ' 'P11:RFIN                      '\n",
      " 'P11:LASI                      ' 'P11:RASI                      '\n",
      " 'P11:LPSI                      ' 'P11:RPSI                      '\n",
      " 'P11:LTHI                      ' 'P11:LKNE                      '\n",
      " 'P11:LTIB                      ' 'P11:LANK                      '\n",
      " 'P11:LHEE                      ' 'P11:LTOE                      '\n",
      " 'P11:RTHI                      ' 'P11:RKNE                      '\n",
      " 'P11:RTIB                      ' 'P11:RANK                      '\n",
      " 'P11:RHEE                      ' 'P11:RTOE                      '\n",
      " '*42                           ' '*43                           ']\n",
      "[-0.21707071 -0.20706451 -0.19705832 ... 15.9129169  15.9229231\n",
      " 15.93292929]\n",
      "times from dvs labels: [1.2828282828282829, 1.5656565656565657, 1.7070707070707072, 2.2727272727272725, 2.5555555555555554, 2.8383838383838382, 2.9797979797979797, 3.121212121212121, 3.404040404040404, 4.111111111111111, 4.535353535353535, 5.383838383838384, 6.9393939393939394, 8.07070707070707, 8.212121212121211, 8.636363636363637, 9.767676767676768, 9.909090909090908, 10.333333333333332, 11.88888888888889, 12.595959595959595, 13.020202020202019, 13.16161616161616, 14.717171717171716]\n",
      "times from vicon labels: [2.27272727 2.55555556 2.83838384 2.97979798]\n",
      "Number of 3d points: 16\n",
      "Number of image points: 16\n"
     ]
    },
    {
     "name": "stderr",
     "output_type": "stream",
     "text": [
      "/home/schiavazza/code/hpe/hpe-core/datasets/vicon_processing/src/projection.py:319: UserWarning: Desired error not necessarily achieved due to precision loss.\n",
      "  warnings.warn(result.message)\n",
      "/home/schiavazza/.local/lib/python3.10/site-packages/c3d/c3d.py:1219: UserWarning: No analog data found in file.\n",
      "  warnings.warn('No analog data found in file.')\n"
     ]
    },
    {
     "name": "stdout",
     "output_type": "stream",
     "text": [
      "      fun: 15.0671665342086\n",
      " hess_inv: array([[ 2.42673662e-02,  3.01429502e-02,  2.00356214e-03,\n",
      "        -1.01485963e+02,  6.93470407e+01, -1.17885943e+01],\n",
      "       [ 3.01429502e-02,  3.78305625e-02,  2.21373807e-03,\n",
      "        -1.26827842e+02,  8.47969090e+01, -1.13431836e+01],\n",
      "       [ 2.00356214e-03,  2.21373807e-03,  2.86709464e-03,\n",
      "        -1.26152618e+01,  1.11761559e+01, -6.23190621e+00],\n",
      "       [-1.01485963e+02, -1.26827842e+02, -1.26152618e+01,\n",
      "         4.35084208e+05, -2.95932637e+05,  4.82971874e+04],\n",
      "       [ 6.93470407e+01,  8.47969090e+01,  1.11761559e+01,\n",
      "        -2.95932637e+05,  2.10893912e+05, -5.03635285e+04],\n",
      "       [-1.17885943e+01, -1.13431836e+01, -6.23190621e+00,\n",
      "         4.82971874e+04, -5.03635285e+04,  3.72943870e+04]])\n",
      "      jac: array([ 8.67575216e+00,  1.55133754e+01,  1.44208622e+01,  5.51533699e-03,\n",
      "       -1.93333626e-03,  2.88486481e-05])\n",
      "  message: 'Desired error not necessarily achieved due to precision loss.'\n",
      "     nfev: 1409\n",
      "      nit: 129\n",
      "     njev: 200\n",
      "   status: 2\n",
      "  success: False\n",
      "        x: array([-5.59922857e-01,  1.36216634e-01, -1.78357142e+00,  1.34185522e+03,\n",
      "       -5.87358513e+02, -3.59456939e+02])\n",
      "      fun: 15.0671665342086\n",
      " hess_inv: array([[ 2.42673662e-02,  3.01429502e-02,  2.00356214e-03,\n",
      "        -1.01485963e+02,  6.93470407e+01, -1.17885943e+01],\n",
      "       [ 3.01429502e-02,  3.78305625e-02,  2.21373807e-03,\n",
      "        -1.26827842e+02,  8.47969090e+01, -1.13431836e+01],\n",
      "       [ 2.00356214e-03,  2.21373807e-03,  2.86709464e-03,\n",
      "        -1.26152618e+01,  1.11761559e+01, -6.23190621e+00],\n",
      "       [-1.01485963e+02, -1.26827842e+02, -1.26152618e+01,\n",
      "         4.35084208e+05, -2.95932637e+05,  4.82971874e+04],\n",
      "       [ 6.93470407e+01,  8.47969090e+01,  1.11761559e+01,\n",
      "        -2.95932637e+05,  2.10893912e+05, -5.03635285e+04],\n",
      "       [-1.17885943e+01, -1.13431836e+01, -6.23190621e+00,\n",
      "         4.82971874e+04, -5.03635285e+04,  3.72943870e+04]])\n",
      "      jac: array([ 8.67575216e+00,  1.55133754e+01,  1.44208622e+01,  5.51533699e-03,\n",
